71
888 1 1 66 2
998 1 3 40 0
318 0 0 751 5
252 0 0 1 3
158 1 3 96 2
888 1 0 41 1
197 0 0 581 1
574 0 1 2 3
533 3 3 5 6
348 0 1 77 5
252 0 3 39 1
735 0 5 20 2
869 1 5 412 1
509 1 1 243 1
868 2 2 99 2
927 0 0 564 3
91 0 2 49 3
650 1 0 31 1
258 0 2 720 3
804 1 1 50 0
289 0 2 488 1
612 1 1 79 1
56 0 2 58 2
229 0 1 664 1
524 1 0 37 1
366 1 0 11 3
888 0 4 773 1
246 0 1 640 0
317 1 0 31 1
405 0 3 61 2
108 1 0 87 0
76 0 4 17 0
686 0 3 310 2
888 1 0 720 3
945 1 2 96 1
652 0 1 908 1
639 0 2 730 0
517 1 5 925 1
326 0 3 88 1
546 0 2 98 3
83 1 0 650 2
888 5 2 38 0
644 1 2 565 2
741 0 1 12 0
280 0 4 18 0
400 1 1 78 1
888 1 1 317 3
701 1 1 41 2
831 0 1 873 2
159 1 2 42 4
933 0 0 52 2
895 1 4 45 3
909 1 2 67 2
934 0 1 3 3
132 0 0 78 0
968 1 3 870 0
888 0 1 47 3
402 1 2 45 0
921 1 0 22 3
189 0 3 30 2
103 1 3 642 1
410 1 3 17 6
430 4 2 997 0
356 0 0 72 1
673 0 0 8 6
888 0 1 602 3
291 0 3 28 0
745 1 3 16 2
232 1 2 68 1
888 0 4 14 3
254 0 3 638 3